A: 7.502103740308257
B: 60.97581316589323
C: 66.51906890824715
L0: 552.2309672093506
L1: 1.0
L2: 0
L3: 0
W0: 0
W1: 0
W2: 0
beta: 0
ep: 1.0
q0: 0